-1.2303223
-1.0073403
-1.1228863
-1.2883448
-1.496825
-1.2303223
-1.2303223
-1.0073403
-1.121694
-1.0073403
-1.1410048
-1.0944801
-1.2846497
-1.2239367
-1.0073403
-1.2883448
-1.2303223
-1.2846497
-1.2303223
-1.1410048
-1.2508841
-1.0073403
-1.1295071
-1.2303223
-1.1295071
-1.1556386
-1.1410048
-1.121694
-1.2303223
-1.0073403
-1.2303223
-1.2303223
-1.1410048
-1.1410048
-1.0944801
-1.0944801
-1.0073403
-1.0944801
-1.2303223
-1.2239367
-1.2303223
-1.2303223
-1.496825
-1.2239367
-1.121694
-1.0073403
-1.2883448
-1.0957213
-1.1410048
-1.2303223
-1.1410048
-1.1410048
-1.496825
-1.1410048
-1.2883448
-1.1228863
-1.496825
-1.2846497
-1.1228863
-1.1410048
-1.2303223
-1.1295071
-1.2883448
-1.1228863
-1.1556386
-1.2303223
-1.0944801
-1.2303223
-1.1295071
-1.2239367
-1.121694
-1.0073403
-1.2239367
-1.2303223
-1.0944801
-1.0957213
-1.0944801
-1.496825
-1.2303223
-1.2508841
-1.496825
-1.0073403
-1.2303223
-1.1228863
-1.1228863
-1.2508841
-1.0073403
-1.121694
-1.1410048
-1.1410048
-1.0073403
-1.0073403
-1.496825
-1.2846497
-1.2883448
-1.1410048
-1.2508841
-1.0073403
-1.2239367
-1.2303223
-1.0944801
-1.2508841
-1.0073403
-1.0073403
-1.1556386
-1.1410048
-1.1410048
-1.121694
-1.121694
-1.2303223
-1.2303223
-1.1410048
-1.0073403
-1.1410048
-1.0944801
-1.0957213
-1.0944801
-1.2303223
-1.1410048
-1.2303223
-1.0073403
-1.2303223
-1.1410048
-1.496825
-1.1295071
-1.2303223
-1.2303223
-1.0073403
-1.2239367
-1.1410048
-1.1410048
-1.0944801
-1.1410048
-1.1295071
-1.121694
-1.1410048
-1.1228863
-1.496825
-1.2303223
-1.2303223
-1.121694
-1.2883448
-1.2303223
-1.0944801
-1.2239367
-1.2303223
-1.1410048
-1.0944801
-1.2239367
-1.1410048
-1.2508841
-1.0073403
-1.2303223
-1.0944801
-1.0944801
-1.2883448
-1.0944801
-1.1228863
-1.0073403
-1.496825
-1.2303223
-1.121694
-1.2846497
-1.2303223
-1.2846497
-1.2303223
-1.1410048
-1.2303223
-1.2846497
-1.1410048
-1.496825
-1.2508841
-1.2846497
-1.0944801
-1.1410048
-1.2303223
-1.2239367
-1.0957213
-1.0957213
-1.2303223
-1.1410048
-1.0944801
-1.121694
-1.2303223
-1.1410048
-1.0957213
-1.1556386
-1.2846497
-1.2508841
-1.121694
-1.2883448
-1.2303223
-1.2846497
-1.121694
-1.2303223
-1.2303223
-1.1228863
-1.1410048
-1.2846497
-1.2303223
-1.496825
-1.1410048
-1.1410048
-1.496825
-1.1556386
-1.1410048
-1.0944801
-1.1410048
-1.1410048
-1.1295071
-1.1295071
-1.0073403
-1.2303223
-1.0073403
-1.0957213
-1.2303223
-1.0944801
-1.1410048
-1.0944801
-1.0957213
-1.1410048
-1.0944801
-1.2846497
-1.1228863
-1.1295071
-1.1295071
-1.2883448
-1.2303223
-1.0073403
-1.1410048
-1.0073403
-1.2303223
-1.0944801
-1.1410048
-1.2303223
-1.2883448
-1.1410048
-1.1410048
-1.2303223
-1.2846497
-1.1410048
-1.2508841
-1.2846497
-1.2303223
-1.0957213
-1.0944801
-1.496825
-1.0944801
-1.1410048
-1.2508841
-1.1556386
-1.1228863
-1.2303223
-1.0944801
-1.1410048
-1.1410048
-1.121694
-1.2239367
-1.1228863
-1.0073403
-1.1228863
-1.2303223
-1.2303223
-1.1410048
-1.2846497
-1.1295071
-1.0944801
-1.2508841
-1.1410048
-1.121694
-1.1295071
-1.2303223
-1.1410048
-1.0073403
-1.1410048
-1.1410048
-1.0073403
-1.2303223
-1.1295071
-1.1228863
-1.2239367
-1.2303223
-1.1410048
-1.1228863
-1.0944801
-1.1556386
-1.2303223
-1.2303223
-1.2508841
-1.2508841
-1.1410048
-1.1410048
-1.2239367
-1.0073403
-1.2303223
-1.2303223
-1.1295071
-1.0944801
-1.0073403
-1.1410048
-1.2303223
-1.496825
-1.0944801
-1.2303223
-1.1410048
-1.0944801
-1.2303223
-1.0957213
-1.2239367
-1.1228863
-1.121694
-1.121694
-1.2303223
-1.1556386
-1.1410048
-1.0944801
-1.2846497
-1.1410048
-1.0073403
-1.2303223
-1.1410048
-1.1228863
-1.1410048
-1.1410048
-1.1410048
-1.2303223
-1.2303223
-1.0957213
-1.0073403
-1.0957213
-1.121694
-1.1228863
-1.0944801
-1.2303223
-1.496825
-1.2883448
-1.2508841
-1.496825
-1.2303223
-1.2508841
-1.2303223
-1.2846497
-1.1410048
-1.0944801
-1.0073403
-1.0944801
-1.0073403
-1.1556386
-1.0073403
-1.1410048
-1.1410048
-1.1410048
-1.2303223
-1.1410048
-1.0073403
-1.1410048
-1.0944801
-1.2303223
-1.0073403
-1.2303223
-1.0944801
-1.2303223
-1.1295071
-1.2239367
-1.121694
-1.1410048
-1.0073403
-1.1295071
-1.1228863
-1.1410048
-1.0957213
-1.2303223
-1.2303223
-1.0073403
-1.1410048
-1.1556386
-1.2303223
-1.2883448
-1.2303223
-1.1410048
-1.2303223
-1.1228863
-1.2303223
-1.1410048
-1.496825
-1.0957213
-1.2239367
-1.2883448
-1.1410048
-1.2303223
-1.1410048
-1.1410048
-1.2303223
-1.496825
-1.0073403
-1.1295071
-1.0073403
-1.1410048
-1.0957213
-1.1410048
-1.0944801
-1.1556386
-1.2303223
-1.1556386
-1.2846497
-1.2303223
-1.1556386
-1.1410048
-1.2303223
-1.1410048
-1.2883448
-1.1410048
-1.0944801
-1.1556386
-1.0073403
-1.2303223
-1.0073403
-1.0073403
-1.0073403
-1.0073403
-1.1410048
-1.2883448
-1.1295071
-1.1410048
-1.0957213
-1.1410048
-1.0073403
-1.0073403
-1.2303223
-1.2303223
-1.1410048
-1.2303223
-1.0073403
-1.0073403
